11,104
11,103
11,102
11,101
11,100
11,99
11,98
11,97
11,96
11,95
11,94
11,93
11,92
11,91
11,90
11,89
11,88
11,87
11,86
11,85
11,84
11,83
11,82
11,81
11,80
11,79
11,78
11,77
11,76
11,75
11,74
11,73
11,72
11,71
11,70
11,69
11,68
11,67
11,66
11,65
11,64
11,35
11,34
11,33
11,32
11,31
11,2
10,10
10,9
10,8
10,7
10,6
10,5
10,2
9,5
9,4
9,2
4,2
3,6
3,5
3,4
3,3
3,2
3,1
4,1
3,0
4,3
2,2
4,0
1,2
0,446
0,445
10,1
11,192
10,11
0,444
2,1
2,3
0,443
2,0
0,442
1,1
0,408
0,365
1,3
0,364
1,0
0,363
10,3
0,359
11,1
10,0
11,193
0,357
11,3
0,350
9,1
11,0
0,334
9,6
0,332
9,3
0,322
12,1
9,0
12,19
0,312
12,3
0,243
12,0
0,9
0,310
0,305
0,308
0,304
0,303
0,302
0,307
0,12
0,10
0,8
0,0
0,421
0,300
0,417
0,299
0,298
0,415
0,297
0,419
0,296
0,413
0,295
0,294
0,411
0,293
0,414
0,292
0,409
0,291
0,447
0,290
0,428
0,289
0,353
0,288
0,404
0,287
0,389
0,286
0,402
0,285
0,374
0,284
0,400
0,283
0,387
0,282
0,398
0,281
0,432
0,280
0,396
0,279
0,386
0,278
0,394
0,277
0,426
0,276
0,392
0,275
0,323
11,105
11,106
11,108
11,109
11,111
11,112
11,114
11,116
11,117
11,119
11,120
11,122
11,124
11,125
11,127
11,128
11,130
11,131
11,133
11,135
11,136
11,138
11,139
11,141
11,143
11,144
11,146
11,147
11,149
11,150
11,152
11,154
11,155
11,157
11,158
11,160
11,162
11,163
11,165
11,166
11,168
11,169
11,171
11,173
11,174
11,176
11,177
11,179
11,181
11,182
11,184
11,185
11,187
11,189
11,190
12,2
12,7
12,9
12,10
12,12
12,14
12,15
12,17
12,18
12,16
12,13
12,11
12,8
11,191
11,188
11,186
11,183
11,180
11,178
11,175
11,172
11,170
11,167
11,164
11,161
11,159
11,156
11,153
11,151
11,148
11,145
11,142
11,140
11,137
11,134
11,132
11,129
11,126
11,123
11,121
11,118
11,115
11,113
11,110
11,107
0,274
0,319
0,273
0,337
0,272
0,388
0,271
0,383
0,270
0,358
0,269
0,373
0,268
0,384
0,267
0,418
0,266
0,412
0,265
0,385
0,264
0,380
0,263
0,262
0,410
0,261
0,330
0,260
0,376
0,259
0,355
0,258
0,382
0,257
0,313
0,256
0,372
0,255
0,441
0,254
0,311
0,253
0,342
0,252
0,368
0,251
0,407
0,250
0,366
0,249
0,379
0,248
0,440
0,247
0,317
0,246
0,362
0,245
0,306
0,244
0,360
0,242
0,403
0,241
0,315
0,240
0,377
0,239
0,356
0,238
0,399
0,237
0,354
0,236
0,375
0,235
0,437
0,234
0,338
0,233
0,370
0,232
0,439
0,231
0,351
0,230
0,328
0,229
0,349
0,228
0,423
0,227
0,433
0,226
0,361
0,225
0,352
0,224
0,436
0,223
0,347
0,222
0,405
0,221
0,345
0,220
0,371
0,219
0,429
0,218
0,327
0,217
0,344
0,216
0,369
0,215
0,343
0,214
0,381
0,213
0,341
0,212
0,435
0,211
0,425
0,210
0,367
0,209
0,340
0,208
0,434
0,207
0,339
0,206
0,348
0,205
0,378
0,204
0,431
0,203
0,336
0,202
0,325
0,201
0,401
0,200
0,416
0,199
0,333
0,198
0,406
0,197
0,331
0,196
0,346
0,195
0,329
0,194
0,438
0,193
0,420
0,192
0,430
0,63
0,326
0,62
0,427
0,61
0,324
0,60
0,335
0,59
0,321
0,58
0,424
0,57
0,320
0,56
0,55
0,318
0,54
0,422
0,53
0,316
0,52
0,393
0,51
0,314
0,50
0,395
0,49
0,391
0,48
0,397
0,47
0,309
0,46
0,390
0,45
0,301
0,6
0,5
0,1
0,11
0,4
0,2
0,3
0,7
